/*--------------------------------*- C++ -*----------------------------------*\
| =========                 |                                                 |
| \\      /  F ield         | OpenFOAM: The Open Source CFD Toolbox           |
|  \\    /   O peration     | Version:  2112                                  |
|   \\  /    A nd           | Website:  www.openfoam.com                      |
|    \\/     M anipulation  |                                                 |
\*---------------------------------------------------------------------------*/
FoamFile
{
    version     2.0;
    format      ascii;
    arch        "LSB;label=32;scalar=64";
    note        "nPoints:12050  nCells:5760  nFaces:23304  nInternalFaces:11256";
    class       labelList;
    location    "constant/polyMesh";
    object      neighbour;
}
// * * * * * * * * * * * * * * * * * * * * * * * * * * * * * * * * * * * * * //


11256
(
1
240
2
241
3
242
4
243
5
244
6
245
7
246
8
247
9
248
10
249
11
250
12
251
13
252
14
253
15
254
16
255
17
256
18
257
19
258
20
259
21
260
22
261
23
262
24
263
25
264
26
265
27
266
28
267
29
268
30
269
31
270
32
271
33
272
34
273
35
274
36
275
37
276
38
277
39
278
40
279
41
280
42
281
43
282
44
283
45
284
46
285
47
286
48
287
49
288
50
289
51
290
52
291
53
292
54
293
55
294
56
295
57
296
58
297
59
298
60
299
61
300
62
301
63
302
64
303
65
304
66
305
67
306
68
307
69
308
70
309
71
310
72
311
73
312
74
313
75
314
76
315
77
316
78
317
79
318
80
319
81
320
82
321
83
322
84
323
85
324
86
325
87
326
88
327
89
328
90
329
91
330
92
331
93
332
94
333
95
334
96
335
97
336
98
337
99
338
100
339
101
340
102
341
103
342
104
343
105
344
106
345
107
346
108
347
109
348
110
349
111
350
112
351
113
352
114
353
115
354
116
355
117
356
118
357
119
358
120
359
121
360
122
361
123
362
124
363
125
364
126
365
127
366
128
367
129
368
130
369
131
370
132
371
133
372
134
373
135
374
136
375
137
376
138
377
139
378
140
379
141
380
142
381
143
382
144
383
145
384
146
385
147
386
148
387
149
388
150
389
151
390
152
391
153
392
154
393
155
394
156
395
157
396
158
397
159
398
160
399
161
400
162
401
163
402
164
403
165
404
166
405
167
406
168
407
169
408
170
409
171
410
172
411
173
412
174
413
175
414
176
415
177
416
178
417
179
418
180
419
181
420
182
421
183
422
184
423
185
424
186
425
187
426
188
427
189
428
190
429
191
430
192
431
193
432
194
433
195
434
196
435
197
436
198
437
199
438
200
439
201
440
202
441
203
442
204
443
205
444
206
445
207
446
208
447
209
448
210
449
211
450
212
451
213
452
214
453
215
454
216
455
217
456
218
457
219
458
220
459
221
460
222
461
223
462
224
463
225
464
226
465
227
466
228
467
229
468
230
469
231
470
232
471
233
472
234
473
235
474
236
475
237
476
238
477
239
478
479
241
480
242
481
243
482
244
483
245
484
246
485
247
486
248
487
249
488
250
489
251
490
252
491
253
492
254
493
255
494
256
495
257
496
258
497
259
498
260
499
261
500
262
501
263
502
264
503
265
504
266
505
267
506
268
507
269
508
270
509
271
510
272
511
273
512
274
513
275
514
276
515
277
516
278
517
279
518
280
519
281
520
282
521
283
522
284
523
285
524
286
525
287
526
288
527
289
528
290
529
291
530
292
531
293
532
294
533
295
534
296
535
297
536
298
537
299
538
300
539
301
540
302
541
303
542
304
543
305
544
306
545
307
546
308
547
309
548
310
549
311
550
312
551
313
552
314
553
315
554
316
555
317
556
318
557
319
558
320
559
321
560
322
561
323
562
324
563
325
564
326
565
327
566
328
567
329
568
330
569
331
570
332
571
333
572
334
573
335
574
336
575
337
576
338
577
339
578
340
579
341
580
342
581
343
582
344
583
345
584
346
585
347
586
348
587
349
588
350
589
351
590
352
591
353
592
354
593
355
594
356
595
357
596
358
597
359
598
360
599
361
600
362
601
363
602
364
603
365
604
366
605
367
606
368
607
369
608
370
609
371
610
372
611
373
612
374
613
375
614
376
615
377
616
378
617
379
618
380
619
381
620
382
621
383
622
384
623
385
624
386
625
387
626
388
627
389
628
390
629
391
630
392
631
393
632
394
633
395
634
396
635
397
636
398
637
399
638
400
639
401
640
402
641
403
642
404
643
405
644
406
645
407
646
408
647
409
648
410
649
411
650
412
651
413
652
414
653
415
654
416
655
417
656
418
657
419
658
420
659
421
660
422
661
423
662
424
663
425
664
426
665
427
666
428
667
429
668
430
669
431
670
432
671
433
672
434
673
435
674
436
675
437
676
438
677
439
678
440
679
441
680
442
681
443
682
444
683
445
684
446
685
447
686
448
687
449
688
450
689
451
690
452
691
453
692
454
693
455
694
456
695
457
696
458
697
459
698
460
699
461
700
462
701
463
702
464
703
465
704
466
705
467
706
468
707
469
708
470
709
471
710
472
711
473
712
474
713
475
714
476
715
477
716
478
717
479
718
719
481
720
482
721
483
722
484
723
485
724
486
725
487
726
488
727
489
728
490
729
491
730
492
731
493
732
494
733
495
734
496
735
497
736
498
737
499
738
500
739
501
740
502
741
503
742
504
743
505
744
506
745
507
746
508
747
509
748
510
749
511
750
512
751
513
752
514
753
515
754
516
755
517
756
518
757
519
758
520
759
521
760
522
761
523
762
524
763
525
764
526
765
527
766
528
767
529
768
530
769
531
770
532
771
533
772
534
773
535
774
536
775
537
776
538
777
539
778
540
779
541
780
542
781
543
782
544
783
545
784
546
785
547
786
548
787
549
788
550
789
551
790
552
791
553
792
554
793
555
794
556
795
557
796
558
797
559
798
560
799
561
800
562
801
563
802
564
803
565
804
566
805
567
806
568
807
569
808
570
809
571
810
572
811
573
812
574
813
575
814
576
815
577
816
578
817
579
818
580
819
581
820
582
821
583
822
584
823
585
824
586
825
587
826
588
827
589
828
590
829
591
830
592
831
593
832
594
833
595
834
596
835
597
836
598
837
599
838
600
839
601
840
602
841
603
842
604
843
605
844
606
845
607
846
608
847
609
848
610
849
611
850
612
851
613
852
614
853
615
854
616
855
617
856
618
857
619
858
620
859
621
860
622
861
623
862
624
863
625
864
626
865
627
866
628
867
629
868
630
869
631
870
632
871
633
872
634
873
635
874
636
875
637
876
638
877
639
878
640
879
641
880
642
881
643
882
644
883
645
884
646
885
647
886
648
887
649
888
650
889
651
890
652
891
653
892
654
893
655
894
656
895
657
896
658
897
659
898
660
899
661
900
662
901
663
902
664
903
665
904
666
905
667
906
668
907
669
908
670
909
671
910
672
911
673
912
674
913
675
914
676
915
677
916
678
917
679
918
680
919
681
920
682
921
683
922
684
923
685
924
686
925
687
926
688
927
689
928
690
929
691
930
692
931
693
932
694
933
695
934
696
935
697
936
698
937
699
938
700
939
701
940
702
941
703
942
704
943
705
944
706
945
707
946
708
947
709
948
710
949
711
950
712
951
713
952
714
953
715
954
716
955
717
956
718
957
719
958
959
721
960
722
961
723
962
724
963
725
964
726
965
727
966
728
967
729
968
730
969
731
970
732
971
733
972
734
973
735
974
736
975
737
976
738
977
739
978
740
979
741
980
742
981
743
982
744
983
745
984
746
985
747
986
748
987
749
988
750
989
751
990
752
991
753
992
754
993
755
994
756
995
757
996
758
997
759
998
760
999
761
1000
762
1001
763
1002
764
1003
765
1004
766
1005
767
1006
768
1007
769
1008
770
1009
771
1010
772
1011
773
1012
774
1013
775
1014
776
1015
777
1016
778
1017
779
1018
780
1019
781
1020
782
1021
783
1022
784
1023
785
1024
786
1025
787
1026
788
1027
789
1028
790
1029
791
1030
792
1031
793
1032
794
1033
795
1034
796
1035
797
1036
798
1037
799
1038
800
1039
801
1040
802
1041
803
1042
804
1043
805
1044
806
1045
807
1046
808
1047
809
1048
810
1049
811
1050
812
1051
813
1052
814
1053
815
1054
816
1055
817
1056
818
1057
819
1058
820
1059
821
1060
822
1061
823
1062
824
1063
825
1064
826
1065
827
1066
828
1067
829
1068
830
1069
831
1070
832
1071
833
1072
834
1073
835
1074
836
1075
837
1076
838
1077
839
1078
840
1079
841
1080
842
1081
843
1082
844
1083
845
1084
846
1085
847
1086
848
1087
849
1088
850
1089
851
1090
852
1091
853
1092
854
1093
855
1094
856
1095
857
1096
858
1097
859
1098
860
1099
861
1100
862
1101
863
1102
864
1103
865
1104
866
1105
867
1106
868
1107
869
1108
870
1109
871
1110
872
1111
873
1112
874
1113
875
1114
876
1115
877
1116
878
1117
879
1118
880
1119
881
1120
882
1121
883
1122
884
1123
885
1124
886
1125
887
1126
888
1127
889
1128
890
1129
891
1130
892
1131
893
1132
894
1133
895
1134
896
1135
897
1136
898
1137
899
1138
900
1139
901
1140
902
1141
903
1142
904
1143
905
1144
906
1145
907
1146
908
1147
909
1148
910
1149
911
1150
912
1151
913
1152
914
1153
915
1154
916
1155
917
1156
918
1157
919
1158
920
1159
921
1160
922
1161
923
1162
924
1163
925
1164
926
1165
927
1166
928
1167
929
1168
930
1169
931
1170
932
1171
933
1172
934
1173
935
1174
936
1175
937
1176
938
1177
939
1178
940
1179
941
1180
942
1181
943
1182
944
1183
945
1184
946
1185
947
1186
948
1187
949
1188
950
1189
951
1190
952
1191
953
1192
954
1193
955
1194
956
1195
957
1196
958
1197
959
1198
1199
961
1200
962
1201
963
1202
964
1203
965
1204
966
1205
967
1206
968
1207
969
1208
970
1209
971
1210
972
1211
973
1212
974
1213
975
1214
976
1215
977
1216
978
1217
979
1218
980
1219
981
1220
982
1221
983
1222
984
1223
985
1224
986
1225
987
1226
988
1227
989
1228
990
1229
991
1230
992
1231
993
1232
994
1233
995
1234
996
1235
997
1236
998
1237
999
1238
1000
1239
1001
1240
1002
1241
1003
1242
1004
1243
1005
1244
1006
1245
1007
1246
1008
1247
1009
1248
1010
1249
1011
1250
1012
1251
1013
1252
1014
1253
1015
1254
1016
1255
1017
1256
1018
1257
1019
1258
1020
1259
1021
1260
1022
1261
1023
1262
1024
1263
1025
1264
1026
1265
1027
1266
1028
1267
1029
1268
1030
1269
1031
1270
1032
1271
1033
1272
1034
1273
1035
1274
1036
1275
1037
1276
1038
1277
1039
1278
1040
1279
1041
1280
1042
1281
1043
1282
1044
1283
1045
1284
1046
1285
1047
1286
1048
1287
1049
1288
1050
1289
1051
1290
1052
1291
1053
1292
1054
1293
1055
1294
1056
1295
1057
1296
1058
1297
1059
1298
1060
1299
1061
1300
1062
1301
1063
1302
1064
1303
1065
1304
1066
1305
1067
1306
1068
1307
1069
1308
1070
1309
1071
1310
1072
1311
1073
1312
1074
1313
1075
1314
1076
1315
1077
1316
1078
1317
1079
1318
1080
1319
1081
1320
1082
1321
1083
1322
1084
1323
1085
1324
1086
1325
1087
1326
1088
1327
1089
1328
1090
1329
1091
1330
1092
1331
1093
1332
1094
1333
1095
1334
1096
1335
1097
1336
1098
1337
1099
1338
1100
1339
1101
1340
1102
1341
1103
1342
1104
1343
1105
1344
1106
1345
1107
1346
1108
1347
1109
1348
1110
1349
1111
1350
1112
1351
1113
1352
1114
1353
1115
1354
1116
1355
1117
1356
1118
1357
1119
1358
1120
1359
1121
1360
1122
1361
1123
1362
1124
1363
1125
1364
1126
1365
1127
1366
1128
1367
1129
1368
1130
1369
1131
1370
1132
1371
1133
1372
1134
1373
1135
1374
1136
1375
1137
1376
1138
1377
1139
1378
1140
1379
1141
1380
1142
1381
1143
1382
1144
1383
1145
1384
1146
1385
1147
1386
1148
1387
1149
1388
1150
1389
1151
1390
1152
1391
1153
1392
1154
1393
1155
1394
1156
1395
1157
1396
1158
1397
1159
1398
1160
1399
1161
1400
1162
1401
1163
1402
1164
1403
1165
1404
1166
1405
1167
1406
1168
1407
1169
1408
1170
1409
1171
1410
1172
1411
1173
1412
1174
1413
1175
1414
1176
1415
1177
1416
1178
1417
1179
1418
1180
1419
1181
1420
1182
1421
1183
1422
1184
1423
1185
1424
1186
1425
1187
1426
1188
1427
1189
1428
1190
1429
1191
1430
1192
1431
1193
1432
1194
1433
1195
1434
1196
1435
1197
1436
1198
1437
1199
1438
1439
1201
1440
1202
1441
1203
1442
1204
1443
1205
1444
1206
1445
1207
1446
1208
1447
1209
1448
1210
1449
1211
1450
1212
1451
1213
1452
1214
1453
1215
1454
1216
1455
1217
1456
1218
1457
1219
1458
1220
1459
1221
1460
1222
1461
1223
1462
1224
1463
1225
1464
1226
1465
1227
1466
1228
1467
1229
1468
1230
1469
1231
1470
1232
1471
1233
1472
1234
1473
1235
1474
1236
1475
1237
1476
1238
1477
1239
1478
1240
1479
1241
1480
1242
1481
1243
1482
1244
1483
1245
1484
1246
1485
1247
1486
1248
1487
1249
1488
1250
1489
1251
1490
1252
1491
1253
1492
1254
1493
1255
1494
1256
1495
1257
1496
1258
1497
1259
1498
1260
1499
1261
1500
1262
1501
1263
1502
1264
1503
1265
1504
1266
1505
1267
1506
1268
1507
1269
1508
1270
1509
1271
1510
1272
1511
1273
1512
1274
1513
1275
1514
1276
1515
1277
1516
1278
1517
1279
1518
1280
1519
1281
1520
1282
1521
1283
1522
1284
1523
1285
1524
1286
1525
1287
1526
1288
1527
1289
1528
1290
1529
1291
1530
1292
1531
1293
1532
1294
1533
1295
1534
1296
1535
1297
1536
1298
1537
1299
1538
1300
1539
1301
1540
1302
1541
1303
1542
1304
1543
1305
1544
1306
1545
1307
1546
1308
1547
1309
1548
1310
1549
1311
1550
1312
1551
1313
1552
1314
1553
1315
1554
1316
1555
1317
1556
1318
1557
1319
1558
1320
1559
1321
1560
1322
1561
1323
1562
1324
1563
1325
1564
1326
1565
1327
1566
1328
1567
1329
1568
1330
1569
1331
1570
1332
1571
1333
1572
1334
1573
1335
1574
1336
1575
1337
1576
1338
1577
1339
1578
1340
1579
1341
1580
1342
1581
1343
1582
1344
1583
1345
1584
1346
1585
1347
1586
1348
1587
1349
1588
1350
1589
1351
1590
1352
1591
1353
1592
1354
1593
1355
1594
1356
1595
1357
1596
1358
1597
1359
1598
1360
1599
1361
1600
1362
1601
1363
1602
1364
1603
1365
1604
1366
1605
1367
1606
1368
1607
1369
1608
1370
1609
1371
1610
1372
1611
1373
1612
1374
1613
1375
1614
1376
1615
1377
1616
1378
1617
1379
1618
1380
1619
1381
1620
1382
1621
1383
1622
1384
1623
1385
1624
1386
1625
1387
1626
1388
1627
1389
1628
1390
1629
1391
1630
1392
1631
1393
1632
1394
1633
1395
1634
1396
1635
1397
1636
1398
1637
1399
1638
1400
1639
1401
1640
1402
1641
1403
1642
1404
1643
1405
1644
1406
1645
1407
1646
1408
1647
1409
1648
1410
1649
1411
1650
1412
1651
1413
1652
1414
1653
1415
1654
1416
1655
1417
1656
1418
1657
1419
1658
1420
1659
1421
1660
1422
1661
1423
1662
1424
1663
1425
1664
1426
1665
1427
1666
1428
1667
1429
1668
1430
1669
1431
1670
1432
1671
1433
1672
1434
1673
1435
1674
1436
1675
1437
1676
1438
1677
1439
1678
1679
1441
1680
1442
1681
1443
1682
1444
1683
1445
1684
1446
1685
1447
1686
1448
1687
1449
1688
1450
1689
1451
1690
1452
1691
1453
1692
1454
1693
1455
1694
1456
1695
1457
1696
1458
1697
1459
1698
1460
1699
1461
1700
1462
1701
1463
1702
1464
1703
1465
1704
1466
1705
1467
1706
1468
1707
1469
1708
1470
1709
1471
1710
1472
1711
1473
1712
1474
1713
1475
1714
1476
1715
1477
1716
1478
1717
1479
1718
1480
1719
1481
1720
1482
1721
1483
1722
1484
1723
1485
1724
1486
1725
1487
1726
1488
1727
1489
1728
1490
1729
1491
1730
1492
1731
1493
1732
1494
1733
1495
1734
1496
1735
1497
1736
1498
1737
1499
1738
1500
1739
1501
1740
1502
1741
1503
1742
1504
1743
1505
1744
1506
1745
1507
1746
1508
1747
1509
1748
1510
1749
1511
1750
1512
1751
1513
1752
1514
1753
1515
1754
1516
1755
1517
1756
1518
1757
1519
1758
1520
1759
1521
1760
1522
1761
1523
1762
1524
1763
1525
1764
1526
1765
1527
1766
1528
1767
1529
1768
1530
1769
1531
1770
1532
1771
1533
1772
1534
1773
1535
1774
1536
1775
1537
1776
1538
1777
1539
1778
1540
1779
1541
1780
1542
1781
1543
1782
1544
1783
1545
1784
1546
1785
1547
1786
1548
1787
1549
1788
1550
1789
1551
1790
1552
1791
1553
1792
1554
1793
1555
1794
1556
1795
1557
1796
1558
1797
1559
1798
1560
1799
1561
1800
1562
1801
1563
1802
1564
1803
1565
1804
1566
1805
1567
1806
1568
1807
1569
1808
1570
1809
1571
1810
1572
1811
1573
1812
1574
1813
1575
1814
1576
1815
1577
1816
1578
1817
1579
1818
1580
1819
1581
1820
1582
1821
1583
1822
1584
1823
1585
1824
1586
1825
1587
1826
1588
1827
1589
1828
1590
1829
1591
1830
1592
1831
1593
1832
1594
1833
1595
1834
1596
1835
1597
1836
1598
1837
1599
1838
1600
1839
1601
1840
1602
1841
1603
1842
1604
1843
1605
1844
1606
1845
1607
1846
1608
1847
1609
1848
1610
1849
1611
1850
1612
1851
1613
1852
1614
1853
1615
1854
1616
1855
1617
1856
1618
1857
1619
1858
1620
1859
1621
1860
1622
1861
1623
1862
1624
1863
1625
1864
1626
1865
1627
1866
1628
1867
1629
1868
1630
1869
1631
1870
1632
1871
1633
1872
1634
1873
1635
1874
1636
1875
1637
1876
1638
1877
1639
1878
1640
1879
1641
1880
1642
1881
1643
1882
1644
1883
1645
1884
1646
1885
1647
1886
1648
1887
1649
1888
1650
1889
1651
1890
1652
1891
1653
1892
1654
1893
1655
1894
1656
1895
1657
1896
1658
1897
1659
1898
1660
1899
1661
1900
1662
1901
1663
1902
1664
1903
1665
1904
1666
1905
1667
1906
1668
1907
1669
1908
1670
1909
1671
1910
1672
1911
1673
1912
1674
1913
1675
1914
1676
1915
1677
1916
1678
1917
1679
1918
1919
1681
1920
1682
1921
1683
1922
1684
1923
1685
1924
1686
1925
1687
1926
1688
1927
1689
1928
1690
1929
1691
1930
1692
1931
1693
1932
1694
1933
1695
1934
1696
1935
1697
1936
1698
1937
1699
1938
1700
1939
1701
1940
1702
1941
1703
1942
1704
1943
1705
1944
1706
1945
1707
1946
1708
1947
1709
1948
1710
1949
1711
1950
1712
1951
1713
1952
1714
1953
1715
1954
1716
1955
1717
1956
1718
1957
1719
1958
1720
1959
1721
1960
1722
1961
1723
1962
1724
1963
1725
1964
1726
1965
1727
1966
1728
1967
1729
1968
1730
1969
1731
1970
1732
1971
1733
1972
1734
1973
1735
1974
1736
1975
1737
1976
1738
1977
1739
1978
1740
1979
1741
1980
1742
1981
1743
1982
1744
1983
1745
1984
1746
1985
1747
1986
1748
1987
1749
1988
1750
1989
1751
1990
1752
1991
1753
1992
1754
1993
1755
1994
1756
1995
1757
1996
1758
1997
1759
1998
1760
1999
1761
2000
1762
2001
1763
2002
1764
2003
1765
2004
1766
2005
1767
2006
1768
2007
1769
2008
1770
2009
1771
2010
1772
2011
1773
2012
1774
2013
1775
2014
1776
2015
1777
2016
1778
2017
1779
2018
1780
2019
1781
2020
1782
2021
1783
2022
1784
2023
1785
2024
1786
2025
1787
2026
1788
2027
1789
2028
1790
2029
1791
2030
1792
2031
1793
2032
1794
2033
1795
2034
1796
2035
1797
2036
1798
2037
1799
2038
1800
2039
1801
2040
1802
2041
1803
2042
1804
2043
1805
2044
1806
2045
1807
2046
1808
2047
1809
2048
1810
2049
1811
2050
1812
2051
1813
2052
1814
2053
1815
2054
1816
2055
1817
2056
1818
2057
1819
2058
1820
2059
1821
2060
1822
2061
1823
2062
1824
2063
1825
2064
1826
2065
1827
2066
1828
2067
1829
2068
1830
2069
1831
2070
1832
2071
1833
2072
1834
2073
1835
2074
1836
2075
1837
2076
1838
2077
1839
2078
1840
2079
1841
2080
1842
2081
1843
2082
1844
2083
1845
2084
1846
2085
1847
2086
1848
2087
1849
2088
1850
2089
1851
2090
1852
2091
1853
2092
1854
2093
1855
2094
1856
2095
1857
2096
1858
2097
1859
2098
1860
2099
1861
2100
1862
2101
1863
2102
1864
2103
1865
2104
1866
2105
1867
2106
1868
2107
1869
2108
1870
2109
1871
2110
1872
2111
1873
2112
1874
2113
1875
2114
1876
2115
1877
2116
1878
2117
1879
2118
1880
2119
1881
2120
1882
2121
1883
2122
1884
2123
1885
2124
1886
2125
1887
2126
1888
2127
1889
2128
1890
2129
1891
2130
1892
2131
1893
2132
1894
2133
1895
2134
1896
2135
1897
2136
1898
2137
1899
2138
1900
2139
1901
2140
1902
2141
1903
2142
1904
2143
1905
2144
1906
2145
1907
2146
1908
2147
1909
2148
1910
2149
1911
2150
1912
2151
1913
2152
1914
2153
1915
2154
1916
2155
1917
2156
1918
2157
1919
2158
2159
1921
2160
1922
2161
1923
2162
1924
2163
1925
2164
1926
2165
1927
2166
1928
2167
1929
2168
1930
2169
1931
2170
1932
2171
1933
2172
1934
2173
1935
2174
1936
2175
1937
2176
1938
2177
1939
2178
1940
2179
1941
2180
1942
2181
1943
2182
1944
2183
1945
2184
1946
2185
1947
2186
1948
2187
1949
2188
1950
2189
1951
2190
1952
2191
1953
2192
1954
2193
1955
2194
1956
2195
1957
2196
1958
2197
1959
2198
1960
2199
1961
2200
1962
2201
1963
2202
1964
2203
1965
2204
1966
2205
1967
2206
1968
2207
1969
2208
1970
2209
1971
2210
1972
2211
1973
2212
1974
2213
1975
2214
1976
2215
1977
2216
1978
2217
1979
2218
1980
2219
1981
2220
1982
2221
1983
2222
1984
2223
1985
2224
1986
2225
1987
2226
1988
2227
1989
2228
1990
2229
1991
2230
1992
2231
1993
2232
1994
2233
1995
2234
1996
2235
1997
2236
1998
2237
1999
2238
2000
2239
2001
2240
2002
2241
2003
2242
2004
2243
2005
2244
2006
2245
2007
2246
2008
2247
2009
2248
2010
2249
2011
2250
2012
2251
2013
2252
2014
2253
2015
2254
2016
2255
2017
2256
2018
2257
2019
2258
2020
2259
2021
2260
2022
2261
2023
2262
2024
2263
2025
2264
2026
2265
2027
2266
2028
2267
2029
2268
2030
2269
2031
2270
2032
2271
2033
2272
2034
2273
2035
2274
2036
2275
2037
2276
2038
2277
2039
2278
2040
2279
2041
2280
2042
2281
2043
2282
2044
2283
2045
2284
2046
2285
2047
2286
2048
2287
2049
2288
2050
2289
2051
2290
2052
2291
2053
2292
2054
2293
2055
2294
2056
2295
2057
2296
2058
2297
2059
2298
2060
2299
2061
2300
2062
2301
2063
2302
2064
2303
2065
2304
2066
2305
2067
2306
2068
2307
2069
2308
2070
2309
2071
2310
2072
2311
2073
2312
2074
2313
2075
2314
2076
2315
2077
2316
2078
2317
2079
2318
2080
2319
2081
2320
2082
2321
2083
2322
2084
2323
2085
2324
2086
2325
2087
2326
2088
2327
2089
2328
2090
2329
2091
2330
2092
2331
2093
2332
2094
2333
2095
2334
2096
2335
2097
2336
2098
2337
2099
2338
2100
2339
2101
2340
2102
2341
2103
2342
2104
2343
2105
2344
2106
2345
2107
2346
2108
2347
2109
2348
2110
2349
2111
2350
2112
2351
2113
2352
2114
2353
2115
2354
2116
2355
2117
2356
2118
2357
2119
2358
2120
2359
2121
2360
2122
2361
2123
2362
2124
2363
2125
2364
2126
2365
2127
2366
2128
2367
2129
2368
2130
2369
2131
2370
2132
2371
2133
2372
2134
2373
2135
2374
2136
2375
2137
2376
2138
2377
2139
2378
2140
2379
2141
2380
2142
2381
2143
2382
2144
2383
2145
2384
2146
2385
2147
2386
2148
2387
2149
2388
2150
2389
2151
2390
2152
2391
2153
2392
2154
2393
2155
2394
2156
2395
2157
2396
2158
2397
2159
2398
2399
2161
2400
2162
2401
2163
2402
2164
2403
2165
2404
2166
2405
2167
2406
2168
2407
2169
2408
2170
2409
2171
2410
2172
2411
2173
2412
2174
2413
2175
2414
2176
2415
2177
2416
2178
2417
2179
2418
2180
2419
2181
2420
2182
2421
2183
2422
2184
2423
2185
2424
2186
2425
2187
2426
2188
2427
2189
2428
2190
2429
2191
2430
2192
2431
2193
2432
2194
2433
2195
2434
2196
2435
2197
2436
2198
2437
2199
2438
2200
2439
2201
2440
2202
2441
2203
2442
2204
2443
2205
2444
2206
2445
2207
2446
2208
2447
2209
2448
2210
2449
2211
2450
2212
2451
2213
2452
2214
2453
2215
2454
2216
2455
2217
2456
2218
2457
2219
2458
2220
2459
2221
2460
2222
2461
2223
2462
2224
2463
2225
2464
2226
2465
2227
2466
2228
2467
2229
2468
2230
2469
2231
2470
2232
2471
2233
2472
2234
2473
2235
2474
2236
2475
2237
2476
2238
2477
2239
2478
2240
2479
2241
2480
2242
2481
2243
2482
2244
2483
2245
2484
2246
2485
2247
2486
2248
2487
2249
2488
2250
2489
2251
2490
2252
2491
2253
2492
2254
2493
2255
2494
2256
2495
2257
2496
2258
2497
2259
2498
2260
2499
2261
2500
2262
2501
2263
2502
2264
2503
2265
2504
2266
2505
2267
2506
2268
2507
2269
2508
2270
2509
2271
2510
2272
2511
2273
2512
2274
2513
2275
2514
2276
2515
2277
2516
2278
2517
2279
2518
2280
2519
2281
2520
2282
2521
2283
2522
2284
2523
2285
2524
2286
2525
2287
2526
2288
2527
2289
2528
2290
2529
2291
2530
2292
2531
2293
2532
2294
2533
2295
2534
2296
2535
2297
2536
2298
2537
2299
2538
2300
2539
2301
2540
2302
2541
2303
2542
2304
2543
2305
2544
2306
2545
2307
2546
2308
2547
2309
2548
2310
2549
2311
2550
2312
2551
2313
2552
2314
2553
2315
2554
2316
2555
2317
2556
2318
2557
2319
2558
2320
2559
2321
2560
2322
2561
2323
2562
2324
2563
2325
2564
2326
2565
2327
2566
2328
2567
2329
2568
2330
2569
2331
2570
2332
2571
2333
2572
2334
2573
2335
2574
2336
2575
2337
2576
2338
2577
2339
2578
2340
2579
2341
2580
2342
2581
2343
2582
2344
2583
2345
2584
2346
2585
2347
2586
2348
2587
2349
2588
2350
2589
2351
2590
2352
2591
2353
2592
2354
2593
2355
2594
2356
2595
2357
2596
2358
2597
2359
2598
2360
2599
2361
2600
2362
2601
2363
2602
2364
2603
2365
2604
2366
2605
2367
2606
2368
2607
2369
2608
2370
2609
2371
2610
2372
2611
2373
2612
2374
2613
2375
2614
2376
2615
2377
2616
2378
2617
2379
2618
2380
2619
2381
2620
2382
2621
2383
2622
2384
2623
2385
2624
2386
2625
2387
2626
2388
2627
2389
2628
2390
2629
2391
2630
2392
2631
2393
2632
2394
2633
2395
2634
2396
2635
2397
2636
2398
2637
2399
2638
2639
2401
2640
2402
2641
2403
2642
2404
2643
2405
2644
2406
2645
2407
2646
2408
2647
2409
2648
2410
2649
2411
2650
2412
2651
2413
2652
2414
2653
2415
2654
2416
2655
2417
2656
2418
2657
2419
2658
2420
2659
2421
2660
2422
2661
2423
2662
2424
2663
2425
2664
2426
2665
2427
2666
2428
2667
2429
2668
2430
2669
2431
2670
2432
2671
2433
2672
2434
2673
2435
2674
2436
2675
2437
2676
2438
2677
2439
2678
2440
2679
2441
2680
2442
2681
2443
2682
2444
2683
2445
2684
2446
2685
2447
2686
2448
2687
2449
2688
2450
2689
2451
2690
2452
2691
2453
2692
2454
2693
2455
2694
2456
2695
2457
2696
2458
2697
2459
2698
2460
2699
2461
2700
2462
2701
2463
2702
2464
2703
2465
2704
2466
2705
2467
2706
2468
2707
2469
2708
2470
2709
2471
2710
2472
2711
2473
2712
2474
2713
2475
2714
2476
2715
2477
2716
2478
2717
2479
2718
2480
2719
2481
2720
2482
2721
2483
2722
2484
2723
2485
2724
2486
2725
2487
2726
2488
2727
2489
2728
2490
2729
2491
2730
2492
2731
2493
2732
2494
2733
2495
2734
2496
2735
2497
2736
2498
2737
2499
2738
2500
2739
2501
2740
2502
2741
2503
2742
2504
2743
2505
2744
2506
2745
2507
2746
2508
2747
2509
2748
2510
2749
2511
2750
2512
2751
2513
2752
2514
2753
2515
2754
2516
2755
2517
2756
2518
2757
2519
2758
2520
2759
2521
2760
2522
2761
2523
2762
2524
2763
2525
2764
2526
2765
2527
2766
2528
2767
2529
2768
2530
2769
2531
2770
2532
2771
2533
2772
2534
2773
2535
2774
2536
2775
2537
2776
2538
2777
2539
2778
2540
2779
2541
2780
2542
2781
2543
2782
2544
2783
2545
2784
2546
2785
2547
2786
2548
2787
2549
2788
2550
2789
2551
2790
2552
2791
2553
2792
2554
2793
2555
2794
2556
2795
2557
2796
2558
2797
2559
2798
2560
2799
2561
2800
2562
2801
2563
2802
2564
2803
2565
2804
2566
2805
2567
2806
2568
2807
2569
2808
2570
2809
2571
2810
2572
2811
2573
2812
2574
2813
2575
2814
2576
2815
2577
2816
2578
2817
2579
2818
2580
2819
2581
2820
2582
2821
2583
2822
2584
2823
2585
2824
2586
2825
2587
2826
2588
2827
2589
2828
2590
2829
2591
2830
2592
2831
2593
2832
2594
2833
2595
2834
2596
2835
2597
2836
2598
2837
2599
2838
2600
2839
2601
2840
2602
2841
2603
2842
2604
2843
2605
2844
2606
2845
2607
2846
2608
2847
2609
2848
2610
2849
2611
2850
2612
2851
2613
2852
2614
2853
2615
2854
2616
2855
2617
2856
2618
2857
2619
2858
2620
2859
2621
2860
2622
2861
2623
2862
2624
2863
2625
2864
2626
2865
2627
2866
2628
2867
2629
2868
2630
2869
2631
2870
2632
2871
2633
2872
2634
2873
2635
2874
2636
2875
2637
2876
2638
2877
2639
2878
2879
2641
2880
2642
2881
2643
2882
2644
2883
2645
2884
2646
2885
2647
2886
2648
2887
2649
2888
2650
2889
2651
2890
2652
2891
2653
2892
2654
2893
2655
2894
2656
2895
2657
2896
2658
2897
2659
2898
2660
2899
2661
2900
2662
2901
2663
2902
2664
2903
2665
2904
2666
2905
2667
2906
2668
2907
2669
2908
2670
2909
2671
2910
2672
2911
2673
2912
2674
2913
2675
2914
2676
2915
2677
2916
2678
2917
2679
2918
2680
2919
2681
2920
2682
2921
2683
2922
2684
2923
2685
2924
2686
2925
2687
2926
2688
2927
2689
2928
2690
2929
2691
2930
2692
2931
2693
2932
2694
2933
2695
2934
2696
2935
2697
2936
2698
2937
2699
2938
2700
2939
2701
2940
2702
2941
2703
2942
2704
2943
2705
2944
2706
2945
2707
2946
2708
2947
2709
2948
2710
2949
2711
2950
2712
2951
2713
2952
2714
2953
2715
2954
2716
2955
2717
2956
2718
2957
2719
2958
2720
2959
2721
2960
2722
2961
2723
2962
2724
2963
2725
2964
2726
2965
2727
2966
2728
2967
2729
2968
2730
2969
2731
2970
2732
2971
2733
2972
2734
2973
2735
2974
2736
2975
2737
2976
2738
2977
2739
2978
2740
2979
2741
2980
2742
2981
2743
2982
2744
2983
2745
2984
2746
2985
2747
2986
2748
2987
2749
2988
2750
2989
2751
2990
2752
2991
2753
2992
2754
2993
2755
2994
2756
2995
2757
2996
2758
2997
2759
2998
2760
2999
2761
3000
2762
3001
2763
3002
2764
3003
2765
3004
2766
3005
2767
3006
2768
3007
2769
3008
2770
3009
2771
3010
2772
3011
2773
3012
2774
3013
2775
3014
2776
3015
2777
3016
2778
3017
2779
3018
2780
3019
2781
3020
2782
3021
2783
3022
2784
3023
2785
3024
2786
3025
2787
3026
2788
3027
2789
3028
2790
3029
2791
3030
2792
3031
2793
3032
2794
3033
2795
3034
2796
3035
2797
3036
2798
3037
2799
3038
2800
3039
2801
3040
2802
3041
2803
3042
2804
3043
2805
3044
2806
3045
2807
3046
2808
3047
2809
3048
2810
3049
2811
3050
2812
3051
2813
3052
2814
3053
2815
3054
2816
3055
2817
3056
2818
3057
2819
3058
2820
3059
2821
3060
2822
3061
2823
3062
2824
3063
2825
3064
2826
3065
2827
3066
2828
3067
2829
3068
2830
3069
2831
3070
2832
3071
2833
3072
2834
3073
2835
3074
2836
3075
2837
3076
2838
3077
2839
3078
2840
3079
2841
3080
2842
3081
2843
3082
2844
3083
2845
3084
2846
3085
2847
3086
2848
3087
2849
3088
2850
3089
2851
3090
2852
3091
2853
3092
2854
3093
2855
3094
2856
3095
2857
3096
2858
3097
2859
3098
2860
3099
2861
3100
2862
3101
2863
3102
2864
3103
2865
3104
2866
3105
2867
3106
2868
3107
2869
3108
2870
3109
2871
3110
2872
3111
2873
3112
2874
3113
2875
3114
2876
3115
2877
3116
2878
3117
2879
3118
3119
2881
3120
2882
3121
2883
3122
2884
3123
2885
3124
2886
3125
2887
3126
2888
3127
2889
3128
2890
3129
2891
3130
2892
3131
2893
3132
2894
3133
2895
3134
2896
3135
2897
3136
2898
3137
2899
3138
2900
3139
2901
3140
2902
3141
2903
3142
2904
3143
2905
3144
2906
3145
2907
3146
2908
3147
2909
3148
2910
3149
2911
3150
2912
3151
2913
3152
2914
3153
2915
3154
2916
3155
2917
3156
2918
3157
2919
3158
2920
3159
2921
3160
2922
3161
2923
3162
2924
3163
2925
3164
2926
3165
2927
3166
2928
3167
2929
3168
2930
3169
2931
3170
2932
3171
2933
3172
2934
3173
2935
3174
2936
3175
2937
3176
2938
3177
2939
3178
2940
3179
2941
3180
2942
3181
2943
3182
2944
3183
2945
3184
2946
3185
2947
3186
2948
3187
2949
3188
2950
3189
2951
3190
2952
3191
2953
3192
2954
3193
2955
3194
2956
3195
2957
3196
2958
3197
2959
3198
2960
3199
2961
3200
2962
3201
2963
3202
2964
3203
2965
3204
2966
3205
2967
3206
2968
3207
2969
3208
2970
3209
2971
3210
2972
3211
2973
3212
2974
3213
2975
3214
2976
3215
2977
3216
2978
3217
2979
3218
2980
3219
2981
3220
2982
3221
2983
3222
2984
3223
2985
3224
2986
3225
2987
3226
2988
3227
2989
3228
2990
3229
2991
3230
2992
3231
2993
3232
2994
3233
2995
3234
2996
3235
2997
3236
2998
3237
2999
3238
3000
3239
3001
3240
3002
3241
3003
3242
3004
3243
3005
3244
3006
3245
3007
3246
3008
3247
3009
3248
3010
3249
3011
3250
3012
3251
3013
3252
3014
3253
3015
3254
3016
3255
3017
3256
3018
3257
3019
3258
3020
3259
3021
3260
3022
3261
3023
3262
3024
3263
3025
3264
3026
3265
3027
3266
3028
3267
3029
3268
3030
3269
3031
3270
3032
3271
3033
3272
3034
3273
3035
3274
3036
3275
3037
3276
3038
3277
3039
3278
3040
3279
3041
3280
3042
3281
3043
3282
3044
3283
3045
3284
3046
3285
3047
3286
3048
3287
3049
3288
3050
3289
3051
3290
3052
3291
3053
3292
3054
3293
3055
3294
3056
3295
3057
3296
3058
3297
3059
3298
3060
3299
3061
3300
3062
3301
3063
3302
3064
3303
3065
3304
3066
3305
3067
3306
3068
3307
3069
3308
3070
3309
3071
3310
3072
3311
3073
3312
3074
3313
3075
3314
3076
3315
3077
3316
3078
3317
3079
3318
3080
3319
3081
3320
3082
3321
3083
3322
3084
3323
3085
3324
3086
3325
3087
3326
3088
3327
3089
3328
3090
3329
3091
3330
3092
3331
3093
3332
3094
3333
3095
3334
3096
3335
3097
3336
3098
3337
3099
3338
3100
3339
3101
3340
3102
3341
3103
3342
3104
3343
3105
3344
3106
3345
3107
3346
3108
3347
3109
3348
3110
3349
3111
3350
3112
3351
3113
3352
3114
3353
3115
3354
3116
3355
3117
3356
3118
3357
3119
3358
3359
3121
3360
3122
3361
3123
3362
3124
3363
3125
3364
3126
3365
3127
3366
3128
3367
3129
3368
3130
3369
3131
3370
3132
3371
3133
3372
3134
3373
3135
3374
3136
3375
3137
3376
3138
3377
3139
3378
3140
3379
3141
3380
3142
3381
3143
3382
3144
3383
3145
3384
3146
3385
3147
3386
3148
3387
3149
3388
3150
3389
3151
3390
3152
3391
3153
3392
3154
3393
3155
3394
3156
3395
3157
3396
3158
3397
3159
3398
3160
3399
3161
3400
3162
3401
3163
3402
3164
3403
3165
3404
3166
3405
3167
3406
3168
3407
3169
3408
3170
3409
3171
3410
3172
3411
3173
3412
3174
3413
3175
3414
3176
3415
3177
3416
3178
3417
3179
3418
3180
3419
3181
3420
3182
3421
3183
3422
3184
3423
3185
3424
3186
3425
3187
3426
3188
3427
3189
3428
3190
3429
3191
3430
3192
3431
3193
3432
3194
3433
3195
3434
3196
3435
3197
3436
3198
3437
3199
3438
3200
3439
3201
3440
3202
3441
3203
3442
3204
3443
3205
3444
3206
3445
3207
3446
3208
3447
3209
3448
3210
3449
3211
3450
3212
3451
3213
3452
3214
3453
3215
3454
3216
3455
3217
3456
3218
3457
3219
3458
3220
3459
3221
3460
3222
3461
3223
3462
3224
3463
3225
3464
3226
3465
3227
3466
3228
3467
3229
3468
3230
3469
3231
3470
3232
3471
3233
3472
3234
3473
3235
3474
3236
3475
3237
3476
3238
3477
3239
3478
3240
3479
3241
3480
3242
3481
3243
3482
3244
3483
3245
3484
3246
3485
3247
3486
3248
3487
3249
3488
3250
3489
3251
3490
3252
3491
3253
3492
3254
3493
3255
3494
3256
3495
3257
3496
3258
3497
3259
3498
3260
3499
3261
3500
3262
3501
3263
3502
3264
3503
3265
3504
3266
3505
3267
3506
3268
3507
3269
3508
3270
3509
3271
3510
3272
3511
3273
3512
3274
3513
3275
3514
3276
3515
3277
3516
3278
3517
3279
3518
3280
3519
3281
3520
3282
3521
3283
3522
3284
3523
3285
3524
3286
3525
3287
3526
3288
3527
3289
3528
3290
3529
3291
3530
3292
3531
3293
3532
3294
3533
3295
3534
3296
3535
3297
3536
3298
3537
3299
3538
3300
3539
3301
3540
3302
3541
3303
3542
3304
3543
3305
3544
3306
3545
3307
3546
3308
3547
3309
3548
3310
3549
3311
3550
3312
3551
3313
3552
3314
3553
3315
3554
3316
3555
3317
3556
3318
3557
3319
3558
3320
3559
3321
3560
3322
3561
3323
3562
3324
3563
3325
3564
3326
3565
3327
3566
3328
3567
3329
3568
3330
3569
3331
3570
3332
3571
3333
3572
3334
3573
3335
3574
3336
3575
3337
3576
3338
3577
3339
3578
3340
3579
3341
3580
3342
3581
3343
3582
3344
3583
3345
3584
3346
3585
3347
3586
3348
3587
3349
3588
3350
3589
3351
3590
3352
3591
3353
3592
3354
3593
3355
3594
3356
3595
3357
3596
3358
3597
3359
3598
3599
3361
3600
3362
3601
3363
3602
3364
3603
3365
3604
3366
3605
3367
3606
3368
3607
3369
3608
3370
3609
3371
3610
3372
3611
3373
3612
3374
3613
3375
3614
3376
3615
3377
3616
3378
3617
3379
3618
3380
3619
3381
3620
3382
3621
3383
3622
3384
3623
3385
3624
3386
3625
3387
3626
3388
3627
3389
3628
3390
3629
3391
3630
3392
3631
3393
3632
3394
3633
3395
3634
3396
3635
3397
3636
3398
3637
3399
3638
3400
3639
3401
3640
3402
3641
3403
3642
3404
3643
3405
3644
3406
3645
3407
3646
3408
3647
3409
3648
3410
3649
3411
3650
3412
3651
3413
3652
3414
3653
3415
3654
3416
3655
3417
3656
3418
3657
3419
3658
3420
3659
3421
3660
3422
3661
3423
3662
3424
3663
3425
3664
3426
3665
3427
3666
3428
3667
3429
3668
3430
3669
3431
3670
3432
3671
3433
3672
3434
3673
3435
3674
3436
3675
3437
3676
3438
3677
3439
3678
3440
3679
3441
3680
3442
3681
3443
3682
3444
3683
3445
3684
3446
3685
3447
3686
3448
3687
3449
3688
3450
3689
3451
3690
3452
3691
3453
3692
3454
3693
3455
3694
3456
3695
3457
3696
3458
3697
3459
3698
3460
3699
3461
3700
3462
3701
3463
3702
3464
3703
3465
3704
3466
3705
3467
3706
3468
3707
3469
3708
3470
3709
3471
3710
3472
3711
3473
3712
3474
3713
3475
3714
3476
3715
3477
3716
3478
3717
3479
3718
3480
3719
3481
3720
3482
3721
3483
3722
3484
3723
3485
3724
3486
3725
3487
3726
3488
3727
3489
3728
3490
3729
3491
3730
3492
3731
3493
3732
3494
3733
3495
3734
3496
3735
3497
3736
3498
3737
3499
3738
3500
3739
3501
3740
3502
3741
3503
3742
3504
3743
3505
3744
3506
3745
3507
3746
3508
3747
3509
3748
3510
3749
3511
3750
3512
3751
3513
3752
3514
3753
3515
3754
3516
3755
3517
3756
3518
3757
3519
3758
3520
3759
3521
3760
3522
3761
3523
3762
3524
3763
3525
3764
3526
3765
3527
3766
3528
3767
3529
3768
3530
3769
3531
3770
3532
3771
3533
3772
3534
3773
3535
3774
3536
3775
3537
3776
3538
3777
3539
3778
3540
3779
3541
3780
3542
3781
3543
3782
3544
3783
3545
3784
3546
3785
3547
3786
3548
3787
3549
3788
3550
3789
3551
3790
3552
3791
3553
3792
3554
3793
3555
3794
3556
3795
3557
3796
3558
3797
3559
3798
3560
3799
3561
3800
3562
3801
3563
3802
3564
3803
3565
3804
3566
3805
3567
3806
3568
3807
3569
3808
3570
3809
3571
3810
3572
3811
3573
3812
3574
3813
3575
3814
3576
3815
3577
3816
3578
3817
3579
3818
3580
3819
3581
3820
3582
3821
3583
3822
3584
3823
3585
3824
3586
3825
3587
3826
3588
3827
3589
3828
3590
3829
3591
3830
3592
3831
3593
3832
3594
3833
3595
3834
3596
3835
3597
3836
3598
3837
3599
3838
3839
3601
3840
3602
3841
3603
3842
3604
3843
3605
3844
3606
3845
3607
3846
3608
3847
3609
3848
3610
3849
3611
3850
3612
3851
3613
3852
3614
3853
3615
3854
3616
3855
3617
3856
3618
3857
3619
3858
3620
3859
3621
3860
3622
3861
3623
3862
3624
3863
3625
3864
3626
3865
3627
3866
3628
3867
3629
3868
3630
3869
3631
3870
3632
3871
3633
3872
3634
3873
3635
3874
3636
3875
3637
3876
3638
3877
3639
3878
3640
3879
3641
3880
3642
3881
3643
3882
3644
3883
3645
3884
3646
3885
3647
3886
3648
3887
3649
3888
3650
3889
3651
3890
3652
3891
3653
3892
3654
3893
3655
3894
3656
3895
3657
3896
3658
3897
3659
3898
3660
3899
3661
3900
3662
3901
3663
3902
3664
3903
3665
3904
3666
3905
3667
3906
3668
3907
3669
3908
3670
3909
3671
3910
3672
3911
3673
3912
3674
3913
3675
3914
3676
3915
3677
3916
3678
3917
3679
3918
3680
3919
3681
3920
3682
3921
3683
3922
3684
3923
3685
3924
3686
3925
3687
3926
3688
3927
3689
3928
3690
3929
3691
3930
3692
3931
3693
3932
3694
3933
3695
3934
3696
3935
3697
3936
3698
3937
3699
3938
3700
3939
3701
3940
3702
3941
3703
3942
3704
3943
3705
3944
3706
3945
3707
3946
3708
3947
3709
3948
3710
3949
3711
3950
3712
3951
3713
3952
3714
3953
3715
3954
3716
3955
3717
3956
3718
3957
3719
3958
3720
3959
3721
3960
3722
3961
3723
3962
3724
3963
3725
3964
3726
3965
3727
3966
3728
3967
3729
3968
3730
3969
3731
3970
3732
3971
3733
3972
3734
3973
3735
3974
3736
3975
3737
3976
3738
3977
3739
3978
3740
3979
3741
3980
3742
3981
3743
3982
3744
3983
3745
3984
3746
3985
3747
3986
3748
3987
3749
3988
3750
3989
3751
3990
3752
3991
3753
3992
3754
3993
3755
3994
3756
3995
3757
3996
3758
3997
3759
3998
3760
3999
3761
4000
3762
4001
3763
4002
3764
4003
3765
4004
3766
4005
3767
4006
3768
4007
3769
4008
3770
4009
3771
4010
3772
4011
3773
4012
3774
4013
3775
4014
3776
4015
3777
4016
3778
4017
3779
4018
3780
4019
3781
4020
3782
4021
3783
4022
3784
4023
3785
4024
3786
4025
3787
4026
3788
4027
3789
4028
3790
4029
3791
4030
3792
4031
3793
4032
3794
4033
3795
4034
3796
4035
3797
4036
3798
4037
3799
4038
3800
4039
3801
4040
3802
4041
3803
4042
3804
4043
3805
4044
3806
4045
3807
4046
3808
4047
3809
4048
3810
4049
3811
4050
3812
4051
3813
4052
3814
4053
3815
4054
3816
4055
3817
4056
3818
4057
3819
4058
3820
4059
3821
4060
3822
4061
3823
4062
3824
4063
3825
4064
3826
4065
3827
4066
3828
4067
3829
4068
3830
4069
3831
4070
3832
4071
3833
4072
3834
4073
3835
4074
3836
4075
3837
4076
3838
4077
3839
4078
4079
3841
4080
3842
4081
3843
4082
3844
4083
3845
4084
3846
4085
3847
4086
3848
4087
3849
4088
3850
4089
3851
4090
3852
4091
3853
4092
3854
4093
3855
4094
3856
4095
3857
4096
3858
4097
3859
4098
3860
4099
3861
4100
3862
4101
3863
4102
3864
4103
3865
4104
3866
4105
3867
4106
3868
4107
3869
4108
3870
4109
3871
4110
3872
4111
3873
4112
3874
4113
3875
4114
3876
4115
3877
4116
3878
4117
3879
4118
3880
4119
3881
4120
3882
4121
3883
4122
3884
4123
3885
4124
3886
4125
3887
4126
3888
4127
3889
4128
3890
4129
3891
4130
3892
4131
3893
4132
3894
4133
3895
4134
3896
4135
3897
4136
3898
4137
3899
4138
3900
4139
3901
4140
3902
4141
3903
4142
3904
4143
3905
4144
3906
4145
3907
4146
3908
4147
3909
4148
3910
4149
3911
4150
3912
4151
3913
4152
3914
4153
3915
4154
3916
4155
3917
4156
3918
4157
3919
4158
3920
4159
3921
4160
3922
4161
3923
4162
3924
4163
3925
4164
3926
4165
3927
4166
3928
4167
3929
4168
3930
4169
3931
4170
3932
4171
3933
4172
3934
4173
3935
4174
3936
4175
3937
4176
3938
4177
3939
4178
3940
4179
3941
4180
3942
4181
3943
4182
3944
4183
3945
4184
3946
4185
3947
4186
3948
4187
3949
4188
3950
4189
3951
4190
3952
4191
3953
4192
3954
4193
3955
4194
3956
4195
3957
4196
3958
4197
3959
4198
3960
4199
3961
4200
3962
4201
3963
4202
3964
4203
3965
4204
3966
4205
3967
4206
3968
4207
3969
4208
3970
4209
3971
4210
3972
4211
3973
4212
3974
4213
3975
4214
3976
4215
3977
4216
3978
4217
3979
4218
3980
4219
3981
4220
3982
4221
3983
4222
3984
4223
3985
4224
3986
4225
3987
4226
3988
4227
3989
4228
3990
4229
3991
4230
3992
4231
3993
4232
3994
4233
3995
4234
3996
4235
3997
4236
3998
4237
3999
4238
4000
4239
4001
4240
4002
4241
4003
4242
4004
4243
4005
4244
4006
4245
4007
4246
4008
4247
4009
4248
4010
4249
4011
4250
4012
4251
4013
4252
4014
4253
4015
4254
4016
4255
4017
4256
4018
4257
4019
4258
4020
4259
4021
4260
4022
4261
4023
4262
4024
4263
4025
4264
4026
4265
4027
4266
4028
4267
4029
4268
4030
4269
4031
4270
4032
4271
4033
4272
4034
4273
4035
4274
4036
4275
4037
4276
4038
4277
4039
4278
4040
4279
4041
4280
4042
4281
4043
4282
4044
4283
4045
4284
4046
4285
4047
4286
4048
4287
4049
4288
4050
4289
4051
4290
4052
4291
4053
4292
4054
4293
4055
4294
4056
4295
4057
4296
4058
4297
4059
4298
4060
4299
4061
4300
4062
4301
4063
4302
4064
4303
4065
4304
4066
4305
4067
4306
4068
4307
4069
4308
4070
4309
4071
4310
4072
4311
4073
4312
4074
4313
4075
4314
4076
4315
4077
4316
4078
4317
4079
4318
4319
4081
4320
4082
4321
4083
4322
4084
4323
4085
4324
4086
4325
4087
4326
4088
4327
4089
4328
4090
4329
4091
4330
4092
4331
4093
4332
4094
4333
4095
4334
4096
4335
4097
4336
4098
4337
4099
4338
4100
4339
4101
4340
4102
4341
4103
4342
4104
4343
4105
4344
4106
4345
4107
4346
4108
4347
4109
4348
4110
4349
4111
4350
4112
4351
4113
4352
4114
4353
4115
4354
4116
4355
4117
4356
4118
4357
4119
4358
4120
4359
4121
4360
4122
4361
4123
4362
4124
4363
4125
4364
4126
4365
4127
4366
4128
4367
4129
4368
4130
4369
4131
4370
4132
4371
4133
4372
4134
4373
4135
4374
4136
4375
4137
4376
4138
4377
4139
4378
4140
4379
4141
4380
4142
4381
4143
4382
4144
4383
4145
4384
4146
4385
4147
4386
4148
4387
4149
4388
4150
4389
4151
4390
4152
4391
4153
4392
4154
4393
4155
4394
4156
4395
4157
4396
4158
4397
4159
4398
4160
4399
4161
4400
4162
4401
4163
4402
4164
4403
4165
4404
4166
4405
4167
4406
4168
4407
4169
4408
4170
4409
4171
4410
4172
4411
4173
4412
4174
4413
4175
4414
4176
4415
4177
4416
4178
4417
4179
4418
4180
4419
4181
4420
4182
4421
4183
4422
4184
4423
4185
4424
4186
4425
4187
4426
4188
4427
4189
4428
4190
4429
4191
4430
4192
4431
4193
4432
4194
4433
4195
4434
4196
4435
4197
4436
4198
4437
4199
4438
4200
4439
4201
4440
4202
4441
4203
4442
4204
4443
4205
4444
4206
4445
4207
4446
4208
4447
4209
4448
4210
4449
4211
4450
4212
4451
4213
4452
4214
4453
4215
4454
4216
4455
4217
4456
4218
4457
4219
4458
4220
4459
4221
4460
4222
4461
4223
4462
4224
4463
4225
4464
4226
4465
4227
4466
4228
4467
4229
4468
4230
4469
4231
4470
4232
4471
4233
4472
4234
4473
4235
4474
4236
4475
4237
4476
4238
4477
4239
4478
4240
4479
4241
4480
4242
4481
4243
4482
4244
4483
4245
4484
4246
4485
4247
4486
4248
4487
4249
4488
4250
4489
4251
4490
4252
4491
4253
4492
4254
4493
4255
4494
4256
4495
4257
4496
4258
4497
4259
4498
4260
4499
4261
4500
4262
4501
4263
4502
4264
4503
4265
4504
4266
4505
4267
4506
4268
4507
4269
4508
4270
4509
4271
4510
4272
4511
4273
4512
4274
4513
4275
4514
4276
4515
4277
4516
4278
4517
4279
4518
4280
4519
4281
4520
4282
4521
4283
4522
4284
4523
4285
4524
4286
4525
4287
4526
4288
4527
4289
4528
4290
4529
4291
4530
4292
4531
4293
4532
4294
4533
4295
4534
4296
4535
4297
4536
4298
4537
4299
4538
4300
4539
4301
4540
4302
4541
4303
4542
4304
4543
4305
4544
4306
4545
4307
4546
4308
4547
4309
4548
4310
4549
4311
4550
4312
4551
4313
4552
4314
4553
4315
4554
4316
4555
4317
4556
4318
4557
4319
4558
4559
4321
4560
4322
4561
4323
4562
4324
4563
4325
4564
4326
4565
4327
4566
4328
4567
4329
4568
4330
4569
4331
4570
4332
4571
4333
4572
4334
4573
4335
4574
4336
4575
4337
4576
4338
4577
4339
4578
4340
4579
4341
4580
4342
4581
4343
4582
4344
4583
4345
4584
4346
4585
4347
4586
4348
4587
4349
4588
4350
4589
4351
4590
4352
4591
4353
4592
4354
4593
4355
4594
4356
4595
4357
4596
4358
4597
4359
4598
4360
4599
4361
4600
4362
4601
4363
4602
4364
4603
4365
4604
4366
4605
4367
4606
4368
4607
4369
4608
4370
4609
4371
4610
4372
4611
4373
4612
4374
4613
4375
4614
4376
4615
4377
4616
4378
4617
4379
4618
4380
4619
4381
4620
4382
4621
4383
4622
4384
4623
4385
4624
4386
4625
4387
4626
4388
4627
4389
4628
4390
4629
4391
4630
4392
4631
4393
4632
4394
4633
4395
4634
4396
4635
4397
4636
4398
4637
4399
4638
4400
4639
4401
4640
4402
4641
4403
4642
4404
4643
4405
4644
4406
4645
4407
4646
4408
4647
4409
4648
4410
4649
4411
4650
4412
4651
4413
4652
4414
4653
4415
4654
4416
4655
4417
4656
4418
4657
4419
4658
4420
4659
4421
4660
4422
4661
4423
4662
4424
4663
4425
4664
4426
4665
4427
4666
4428
4667
4429
4668
4430
4669
4431
4670
4432
4671
4433
4672
4434
4673
4435
4674
4436
4675
4437
4676
4438
4677
4439
4678
4440
4679
4441
4680
4442
4681
4443
4682
4444
4683
4445
4684
4446
4685
4447
4686
4448
4687
4449
4688
4450
4689
4451
4690
4452
4691
4453
4692
4454
4693
4455
4694
4456
4695
4457
4696
4458
4697
4459
4698
4460
4699
4461
4700
4462
4701
4463
4702
4464
4703
4465
4704
4466
4705
4467
4706
4468
4707
4469
4708
4470
4709
4471
4710
4472
4711
4473
4712
4474
4713
4475
4714
4476
4715
4477
4716
4478
4717
4479
4718
4480
4719
4481
4720
4482
4721
4483
4722
4484
4723
4485
4724
4486
4725
4487
4726
4488
4727
4489
4728
4490
4729
4491
4730
4492
4731
4493
4732
4494
4733
4495
4734
4496
4735
4497
4736
4498
4737
4499
4738
4500
4739
4501
4740
4502
4741
4503
4742
4504
4743
4505
4744
4506
4745
4507
4746
4508
4747
4509
4748
4510
4749
4511
4750
4512
4751
4513
4752
4514
4753
4515
4754
4516
4755
4517
4756
4518
4757
4519
4758
4520
4759
4521
4760
4522
4761
4523
4762
4524
4763
4525
4764
4526
4765
4527
4766
4528
4767
4529
4768
4530
4769
4531
4770
4532
4771
4533
4772
4534
4773
4535
4774
4536
4775
4537
4776
4538
4777
4539
4778
4540
4779
4541
4780
4542
4781
4543
4782
4544
4783
4545
4784
4546
4785
4547
4786
4548
4787
4549
4788
4550
4789
4551
4790
4552
4791
4553
4792
4554
4793
4555
4794
4556
4795
4557
4796
4558
4797
4559
4798
4799
4561
4800
4562
4801
4563
4802
4564
4803
4565
4804
4566
4805
4567
4806
4568
4807
4569
4808
4570
4809
4571
4810
4572
4811
4573
4812
4574
4813
4575
4814
4576
4815
4577
4816
4578
4817
4579
4818
4580
4819
4581
4820
4582
4821
4583
4822
4584
4823
4585
4824
4586
4825
4587
4826
4588
4827
4589
4828
4590
4829
4591
4830
4592
4831
4593
4832
4594
4833
4595
4834
4596
4835
4597
4836
4598
4837
4599
4838
4600
4839
4601
4840
4602
4841
4603
4842
4604
4843
4605
4844
4606
4845
4607
4846
4608
4847
4609
4848
4610
4849
4611
4850
4612
4851
4613
4852
4614
4853
4615
4854
4616
4855
4617
4856
4618
4857
4619
4858
4620
4859
4621
4860
4622
4861
4623
4862
4624
4863
4625
4864
4626
4865
4627
4866
4628
4867
4629
4868
4630
4869
4631
4870
4632
4871
4633
4872
4634
4873
4635
4874
4636
4875
4637
4876
4638
4877
4639
4878
4640
4879
4641
4880
4642
4881
4643
4882
4644
4883
4645
4884
4646
4885
4647
4886
4648
4887
4649
4888
4650
4889
4651
4890
4652
4891
4653
4892
4654
4893
4655
4894
4656
4895
4657
4896
4658
4897
4659
4898
4660
4899
4661
4900
4662
4901
4663
4902
4664
4903
4665
4904
4666
4905
4667
4906
4668
4907
4669
4908
4670
4909
4671
4910
4672
4911
4673
4912
4674
4913
4675
4914
4676
4915
4677
4916
4678
4917
4679
4918
4680
4919
4681
4920
4682
4921
4683
4922
4684
4923
4685
4924
4686
4925
4687
4926
4688
4927
4689
4928
4690
4929
4691
4930
4692
4931
4693
4932
4694
4933
4695
4934
4696
4935
4697
4936
4698
4937
4699
4938
4700
4939
4701
4940
4702
4941
4703
4942
4704
4943
4705
4944
4706
4945
4707
4946
4708
4947
4709
4948
4710
4949
4711
4950
4712
4951
4713
4952
4714
4953
4715
4954
4716
4955
4717
4956
4718
4957
4719
4958
4720
4959
4721
4960
4722
4961
4723
4962
4724
4963
4725
4964
4726
4965
4727
4966
4728
4967
4729
4968
4730
4969
4731
4970
4732
4971
4733
4972
4734
4973
4735
4974
4736
4975
4737
4976
4738
4977
4739
4978
4740
4979
4741
4980
4742
4981
4743
4982
4744
4983
4745
4984
4746
4985
4747
4986
4748
4987
4749
4988
4750
4989
4751
4990
4752
4991
4753
4992
4754
4993
4755
4994
4756
4995
4757
4996
4758
4997
4759
4998
4760
4999
4761
5000
4762
5001
4763
5002
4764
5003
4765
5004
4766
5005
4767
5006
4768
5007
4769
5008
4770
5009
4771
5010
4772
5011
4773
5012
4774
5013
4775
5014
4776
5015
4777
5016
4778
5017
4779
5018
4780
5019
4781
5020
4782
5021
4783
5022
4784
5023
4785
5024
4786
5025
4787
5026
4788
5027
4789
5028
4790
5029
4791
5030
4792
5031
4793
5032
4794
5033
4795
5034
4796
5035
4797
5036
4798
5037
4799
5038
5039
4801
5040
4802
5041
4803
5042
4804
5043
4805
5044
4806
5045
4807
5046
4808
5047
4809
5048
4810
5049
4811
5050
4812
5051
4813
5052
4814
5053
4815
5054
4816
5055
4817
5056
4818
5057
4819
5058
4820
5059
4821
5060
4822
5061
4823
5062
4824
5063
4825
5064
4826
5065
4827
5066
4828
5067
4829
5068
4830
5069
4831
5070
4832
5071
4833
5072
4834
5073
4835
5074
4836
5075
4837
5076
4838
5077
4839
5078
4840
5079
4841
5080
4842
5081
4843
5082
4844
5083
4845
5084
4846
5085
4847
5086
4848
5087
4849
5088
4850
5089
4851
5090
4852
5091
4853
5092
4854
5093
4855
5094
4856
5095
4857
5096
4858
5097
4859
5098
4860
5099
4861
5100
4862
5101
4863
5102
4864
5103
4865
5104
4866
5105
4867
5106
4868
5107
4869
5108
4870
5109
4871
5110
4872
5111
4873
5112
4874
5113
4875
5114
4876
5115
4877
5116
4878
5117
4879
5118
4880
5119
4881
5120
4882
5121
4883
5122
4884
5123
4885
5124
4886
5125
4887
5126
4888
5127
4889
5128
4890
5129
4891
5130
4892
5131
4893
5132
4894
5133
4895
5134
4896
5135
4897
5136
4898
5137
4899
5138
4900
5139
4901
5140
4902
5141
4903
5142
4904
5143
4905
5144
4906
5145
4907
5146
4908
5147
4909
5148
4910
5149
4911
5150
4912
5151
4913
5152
4914
5153
4915
5154
4916
5155
4917
5156
4918
5157
4919
5158
4920
5159
4921
5160
4922
5161
4923
5162
4924
5163
4925
5164
4926
5165
4927
5166
4928
5167
4929
5168
4930
5169
4931
5170
4932
5171
4933
5172
4934
5173
4935
5174
4936
5175
4937
5176
4938
5177
4939
5178
4940
5179
4941
5180
4942
5181
4943
5182
4944
5183
4945
5184
4946
5185
4947
5186
4948
5187
4949
5188
4950
5189
4951
5190
4952
5191
4953
5192
4954
5193
4955
5194
4956
5195
4957
5196
4958
5197
4959
5198
4960
5199
4961
5200
4962
5201
4963
5202
4964
5203
4965
5204
4966
5205
4967
5206
4968
5207
4969
5208
4970
5209
4971
5210
4972
5211
4973
5212
4974
5213
4975
5214
4976
5215
4977
5216
4978
5217
4979
5218
4980
5219
4981
5220
4982
5221
4983
5222
4984
5223
4985
5224
4986
5225
4987
5226
4988
5227
4989
5228
4990
5229
4991
5230
4992
5231
4993
5232
4994
5233
4995
5234
4996
5235
4997
5236
4998
5237
4999
5238
5000
5239
5001
5240
5002
5241
5003
5242
5004
5243
5005
5244
5006
5245
5007
5246
5008
5247
5009
5248
5010
5249
5011
5250
5012
5251
5013
5252
5014
5253
5015
5254
5016
5255
5017
5256
5018
5257
5019
5258
5020
5259
5021
5260
5022
5261
5023
5262
5024
5263
5025
5264
5026
5265
5027
5266
5028
5267
5029
5268
5030
5269
5031
5270
5032
5271
5033
5272
5034
5273
5035
5274
5036
5275
5037
5276
5038
5277
5039
5278
5279
5041
5280
5042
5281
5043
5282
5044
5283
5045
5284
5046
5285
5047
5286
5048
5287
5049
5288
5050
5289
5051
5290
5052
5291
5053
5292
5054
5293
5055
5294
5056
5295
5057
5296
5058
5297
5059
5298
5060
5299
5061
5300
5062
5301
5063
5302
5064
5303
5065
5304
5066
5305
5067
5306
5068
5307
5069
5308
5070
5309
5071
5310
5072
5311
5073
5312
5074
5313
5075
5314
5076
5315
5077
5316
5078
5317
5079
5318
5080
5319
5081
5320
5082
5321
5083
5322
5084
5323
5085
5324
5086
5325
5087
5326
5088
5327
5089
5328
5090
5329
5091
5330
5092
5331
5093
5332
5094
5333
5095
5334
5096
5335
5097
5336
5098
5337
5099
5338
5100
5339
5101
5340
5102
5341
5103
5342
5104
5343
5105
5344
5106
5345
5107
5346
5108
5347
5109
5348
5110
5349
5111
5350
5112
5351
5113
5352
5114
5353
5115
5354
5116
5355
5117
5356
5118
5357
5119
5358
5120
5359
5121
5360
5122
5361
5123
5362
5124
5363
5125
5364
5126
5365
5127
5366
5128
5367
5129
5368
5130
5369
5131
5370
5132
5371
5133
5372
5134
5373
5135
5374
5136
5375
5137
5376
5138
5377
5139
5378
5140
5379
5141
5380
5142
5381
5143
5382
5144
5383
5145
5384
5146
5385
5147
5386
5148
5387
5149
5388
5150
5389
5151
5390
5152
5391
5153
5392
5154
5393
5155
5394
5156
5395
5157
5396
5158
5397
5159
5398
5160
5399
5161
5400
5162
5401
5163
5402
5164
5403
5165
5404
5166
5405
5167
5406
5168
5407
5169
5408
5170
5409
5171
5410
5172
5411
5173
5412
5174
5413
5175
5414
5176
5415
5177
5416
5178
5417
5179
5418
5180
5419
5181
5420
5182
5421
5183
5422
5184
5423
5185
5424
5186
5425
5187
5426
5188
5427
5189
5428
5190
5429
5191
5430
5192
5431
5193
5432
5194
5433
5195
5434
5196
5435
5197
5436
5198
5437
5199
5438
5200
5439
5201
5440
5202
5441
5203
5442
5204
5443
5205
5444
5206
5445
5207
5446
5208
5447
5209
5448
5210
5449
5211
5450
5212
5451
5213
5452
5214
5453
5215
5454
5216
5455
5217
5456
5218
5457
5219
5458
5220
5459
5221
5460
5222
5461
5223
5462
5224
5463
5225
5464
5226
5465
5227
5466
5228
5467
5229
5468
5230
5469
5231
5470
5232
5471
5233
5472
5234
5473
5235
5474
5236
5475
5237
5476
5238
5477
5239
5478
5240
5479
5241
5480
5242
5481
5243
5482
5244
5483
5245
5484
5246
5485
5247
5486
5248
5487
5249
5488
5250
5489
5251
5490
5252
5491
5253
5492
5254
5493
5255
5494
5256
5495
5257
5496
5258
5497
5259
5498
5260
5499
5261
5500
5262
5501
5263
5502
5264
5503
5265
5504
5266
5505
5267
5506
5268
5507
5269
5508
5270
5509
5271
5510
5272
5511
5273
5512
5274
5513
5275
5514
5276
5515
5277
5516
5278
5517
5279
5518
5519
5281
5520
5282
5521
5283
5522
5284
5523
5285
5524
5286
5525
5287
5526
5288
5527
5289
5528
5290
5529
5291
5530
5292
5531
5293
5532
5294
5533
5295
5534
5296
5535
5297
5536
5298
5537
5299
5538
5300
5539
5301
5540
5302
5541
5303
5542
5304
5543
5305
5544
5306
5545
5307
5546
5308
5547
5309
5548
5310
5549
5311
5550
5312
5551
5313
5552
5314
5553
5315
5554
5316
5555
5317
5556
5318
5557
5319
5558
5320
5559
5321
5560
5322
5561
5323
5562
5324
5563
5325
5564
5326
5565
5327
5566
5328
5567
5329
5568
5330
5569
5331
5570
5332
5571
5333
5572
5334
5573
5335
5574
5336
5575
5337
5576
5338
5577
5339
5578
5340
5579
5341
5580
5342
5581
5343
5582
5344
5583
5345
5584
5346
5585
5347
5586
5348
5587
5349
5588
5350
5589
5351
5590
5352
5591
5353
5592
5354
5593
5355
5594
5356
5595
5357
5596
5358
5597
5359
5598
5360
5599
5361
5600
5362
5601
5363
5602
5364
5603
5365
5604
5366
5605
5367
5606
5368
5607
5369
5608
5370
5609
5371
5610
5372
5611
5373
5612
5374
5613
5375
5614
5376
5615
5377
5616
5378
5617
5379
5618
5380
5619
5381
5620
5382
5621
5383
5622
5384
5623
5385
5624
5386
5625
5387
5626
5388
5627
5389
5628
5390
5629
5391
5630
5392
5631
5393
5632
5394
5633
5395
5634
5396
5635
5397
5636
5398
5637
5399
5638
5400
5639
5401
5640
5402
5641
5403
5642
5404
5643
5405
5644
5406
5645
5407
5646
5408
5647
5409
5648
5410
5649
5411
5650
5412
5651
5413
5652
5414
5653
5415
5654
5416
5655
5417
5656
5418
5657
5419
5658
5420
5659
5421
5660
5422
5661
5423
5662
5424
5663
5425
5664
5426
5665
5427
5666
5428
5667
5429
5668
5430
5669
5431
5670
5432
5671
5433
5672
5434
5673
5435
5674
5436
5675
5437
5676
5438
5677
5439
5678
5440
5679
5441
5680
5442
5681
5443
5682
5444
5683
5445
5684
5446
5685
5447
5686
5448
5687
5449
5688
5450
5689
5451
5690
5452
5691
5453
5692
5454
5693
5455
5694
5456
5695
5457
5696
5458
5697
5459
5698
5460
5699
5461
5700
5462
5701
5463
5702
5464
5703
5465
5704
5466
5705
5467
5706
5468
5707
5469
5708
5470
5709
5471
5710
5472
5711
5473
5712
5474
5713
5475
5714
5476
5715
5477
5716
5478
5717
5479
5718
5480
5719
5481
5720
5482
5721
5483
5722
5484
5723
5485
5724
5486
5725
5487
5726
5488
5727
5489
5728
5490
5729
5491
5730
5492
5731
5493
5732
5494
5733
5495
5734
5496
5735
5497
5736
5498
5737
5499
5738
5500
5739
5501
5740
5502
5741
5503
5742
5504
5743
5505
5744
5506
5745
5507
5746
5508
5747
5509
5748
5510
5749
5511
5750
5512
5751
5513
5752
5514
5753
5515
5754
5516
5755
5517
5756
5518
5757
5519
5758
5759
5521
5522
5523
5524
5525
5526
5527
5528
5529
5530
5531
5532
5533
5534
5535
5536
5537
5538
5539
5540
5541
5542
5543
5544
5545
5546
5547
5548
5549
5550
5551
5552
5553
5554
5555
5556
5557
5558
5559
5560
5561
5562
5563
5564
5565
5566
5567
5568
5569
5570
5571
5572
5573
5574
5575
5576
5577
5578
5579
5580
5581
5582
5583
5584
5585
5586
5587
5588
5589
5590
5591
5592
5593
5594
5595
5596
5597
5598
5599
5600
5601
5602
5603
5604
5605
5606
5607
5608
5609
5610
5611
5612
5613
5614
5615
5616
5617
5618
5619
5620
5621
5622
5623
5624
5625
5626
5627
5628
5629
5630
5631
5632
5633
5634
5635
5636
5637
5638
5639
5640
5641
5642
5643
5644
5645
5646
5647
5648
5649
5650
5651
5652
5653
5654
5655
5656
5657
5658
5659
5660
5661
5662
5663
5664
5665
5666
5667
5668
5669
5670
5671
5672
5673
5674
5675
5676
5677
5678
5679
5680
5681
5682
5683
5684
5685
5686
5687
5688
5689
5690
5691
5692
5693
5694
5695
5696
5697
5698
5699
5700
5701
5702
5703
5704
5705
5706
5707
5708
5709
5710
5711
5712
5713
5714
5715
5716
5717
5718
5719
5720
5721
5722
5723
5724
5725
5726
5727
5728
5729
5730
5731
5732
5733
5734
5735
5736
5737
5738
5739
5740
5741
5742
5743
5744
5745
5746
5747
5748
5749
5750
5751
5752
5753
5754
5755
5756
5757
5758
5759
)


// ************************************************************************* //
